PC_Right: .word 24, 72
.byte 199,199,199,199,199,199,199,199,199,199,199,199,199,199,199,199,199,199,199,199,199,199,199,199,
199,199,199,199,199,199,199,199,199,199,199,199,199,199,199,199,199,199,199,199,199,199,199,199,
199,199,199,199,199,199,199,199,199,199,199,199,199,199,199,199,199,199,199,199,199,199,199,199,
199,199,199,199,199,199,199,199,199,199,199,73,73,73,73,73,199,199,199,199,199,199,199,199,
199,199,199,199,199,199,199,199,199,199,73,73,82,82,82,73,68,199,199,199,199,199,199,199,
199,199,199,199,199,199,199,199,199,199,73,82,73,73,73,73,68,199,199,199,199,199,199,199,
199,199,199,199,199,199,199,199,199,199,73,73,73,73,73,73,68,199,199,199,199,199,199,199,
199,199,199,199,199,199,199,199,199,199,65,73,73,73,73,68,82,254,242,242,199,199,199,199,
199,199,199,199,199,199,199,199,199,73,65,65,65,65,65,68,82,242,242,232,199,199,199,199,
199,199,199,199,199,199,199,199,199,73,65,65,65,65,68,82,82,242,232,232,0,0,199,199,
199,199,199,199,199,199,199,199,73,65,65,65,65,65,68,72,0,10,11,11,0,0,199,199,
199,199,199,199,199,199,199,199,65,65,65,81,81,68,72,73,0,0,10,0,0,199,199,199,
199,199,199,199,199,199,199,73,65,65,82,82,82,82,82,81,81,0,10,19,0,199,199,199,
199,199,199,199,199,199,199,73,65,65,81,82,82,82,82,82,82,92,92,19,0,199,199,199,
199,199,199,199,199,199,199,65,65,65,65,81,81,82,82,82,82,92,19,19,0,199,199,199,
199,199,199,199,199,199,73,65,65,65,65,68,68,73,73,72,0,0,10,0,199,199,199,199,
199,199,199,199,199,68,73,65,73,65,65,68,65,72,73,73,82,0,10,0,199,199,199,199,
199,199,199,199,199,68,65,65,73,65,68,65,65,72,72,73,73,0,10,0,199,199,199,199,
199,199,199,199,199,68,65,73,65,65,68,19,0,0,72,82,72,19,10,199,199,199,199,199,
199,199,199,199,199,199,68,65,65,65,68,0,0,0,19,72,92,19,10,199,199,199,199,199,
199,199,199,199,199,199,199,68,68,68,199,199,199,199,199,19,19,19,10,199,199,199,199,199,
199,199,199,199,199,199,199,199,199,199,199,199,199,199,199,199,199,199,199,199,199,199,199,199,
199,199,199,199,199,199,199,199,199,199,199,199,199,199,199,199,199,199,199,199,199,199,199,199,
199,199,199,199,199,199,199,199,199,199,199,199,199,199,199,199,199,199,199,199,199,199,199,199,
199,199,199,199,199,199,199,199,199,199,199,199,199,199,199,199,199,199,199,199,199,199,199,199,
199,199,199,199,199,199,199,199,199,199,199,199,199,199,199,199,199,199,199,199,199,199,199,199,
199,199,199,199,199,199,199,199,199,199,199,73,73,73,73,73,199,199,199,199,199,199,199,199,
199,199,199,199,199,199,199,199,199,199,73,73,82,82,82,73,68,199,199,199,199,199,199,199,
199,199,199,199,199,199,199,199,199,199,73,82,73,73,73,73,68,199,199,199,199,199,199,199,
199,199,199,199,199,199,199,199,199,65,73,73,73,73,73,73,68,199,199,199,199,199,199,199,
199,199,199,199,199,199,199,199,199,65,65,73,73,73,73,68,82,199,199,199,199,199,199,199,
199,199,199,199,199,199,199,199,199,73,65,65,65,65,65,68,254,242,242,199,199,199,199,199,
199,199,199,199,199,199,199,199,65,65,65,65,65,65,65,68,242,242,232,0,0,199,199,199,
199,199,199,199,199,199,199,199,73,65,65,65,65,65,68,73,242,232,232,0,0,199,199,199,
199,199,199,199,199,199,199,199,73,65,65,65,81,81,68,73,10,11,11,0,0,199,199,199,
199,199,199,199,199,199,199,199,65,65,65,82,82,82,82,73,0,10,0,0,0,199,199,199,
199,199,199,199,199,199,199,199,65,65,65,81,82,82,82,81,0,10,19,0,199,199,199,199,
199,199,199,199,199,199,199,199,65,65,65,65,81,81,82,82,92,92,19,0,199,199,199,199,
199,199,199,199,199,199,199,199,65,65,65,65,68,65,82,82,92,19,19,0,199,199,199,199,
199,199,199,199,199,199,199,199,65,65,65,68,72,73,72,73,0,10,0,0,199,199,199,199,
199,199,199,199,199,199,199,68,65,65,65,68,72,73,72,73,0,10,0,199,199,199,199,199,
199,199,199,199,199,199,199,68,65,65,65,68,73,73,73,72,19,10,0,199,199,199,199,199,
199,199,199,199,199,199,199,199,68,65,65,68,92,72,72,92,19,10,199,199,199,199,199,199,
199,199,199,199,199,199,199,199,199,68,68,68,19,19,19,19,19,10,199,199,199,199,199,199,
199,199,199,199,199,199,199,199,199,199,199,199,199,199,199,199,199,10,199,199,199,199,199,199,
199,199,199,199,199,199,199,199,199,199,199,199,199,199,199,199,199,199,199,199,199,199,199,199,
199,199,199,199,199,199,199,199,199,199,199,199,199,199,199,199,199,199,199,199,199,199,199,199,
199,199,199,199,199,199,199,199,199,199,199,199,199,199,199,199,199,199,199,199,199,199,199,199,
199,199,199,199,199,199,199,199,199,199,199,199,199,199,199,199,199,199,199,199,199,199,199,199,
199,199,199,199,199,199,199,199,199,199,199,199,199,199,199,199,199,199,199,199,199,199,199,199,
199,199,199,199,199,199,199,199,199,199,199,199,199,199,199,199,199,199,199,199,199,199,199,199,
199,199,199,199,199,199,199,199,199,199,199,73,73,73,73,73,199,199,199,199,199,199,199,199,
199,199,199,199,199,199,199,199,199,199,73,73,82,82,82,73,68,199,199,199,199,199,199,199,
199,199,199,199,199,199,199,199,199,199,73,82,73,73,73,73,68,199,199,199,199,199,199,199,
199,199,199,199,199,199,199,199,199,199,73,73,73,73,73,73,68,199,199,199,199,199,199,199,
199,199,199,199,199,199,199,199,199,199,65,73,73,73,73,68,82,199,254,242,242,199,199,199,
199,199,199,199,199,199,199,199,199,65,65,65,65,65,65,68,82,199,242,242,232,199,0,0,
199,199,199,199,199,199,199,199,199,73,65,65,65,65,68,82,82,0,242,232,232,199,0,0,
199,199,199,199,199,199,199,199,73,73,65,65,65,65,68,73,0,0,10,11,11,0,0,0,
199,199,199,199,199,199,199,199,73,65,65,65,81,81,73,73,0,0,0,10,199,0,0,199,
199,199,199,199,199,199,199,65,65,65,65,82,82,82,82,82,81,81,0,10,19,0,0,199,
199,199,199,199,199,199,199,65,65,65,65,81,82,82,82,82,82,82,92,92,19,0,0,199,
199,199,199,199,199,199,73,65,65,65,65,68,81,81,82,82,82,82,92,19,19,0,0,199,
199,199,199,199,199,73,65,65,65,65,68,72,73,72,72,73,73,199,199,10,0,0,199,199,
199,199,199,199,68,65,65,65,65,68,65,73,72,65,65,72,73,73,19,10,0,0,199,199,
199,199,199,199,68,65,65,68,68,65,72,72,72,0,65,72,92,92,19,10,0,199,199,199,
199,199,199,199,199,68,68,19,65,72,72,72,0,0,199,19,19,19,199,10,0,199,199,199,
199,199,199,199,199,199,199,19,92,72,72,92,19,199,199,199,199,199,199,10,199,199,199,199,
199,199,199,199,199,199,199,199,19,19,19,19,19,199,199,199,199,199,199,10,199,199,199,199,
199,199,199,199,199,199,199,199,199,199,199,199,199,199,199,199,199,199,199,199,199,199,199,199,
199,199,199,199,199,199,199,199,199,199,199,199,199,199,199,199,199,199,199,199,199,199,199,199,
199,199,199,199,199,199,199,199,199,199,199,199,199,199,199,199,199,199,199,199,199,199,199,199,


