SelectionArrows: .word 148, 36
.byte 199,199,199,199,199,199,199,199,199,199,199,199,199,199,199,199,199,199,199,199,199,199,55,55,199,199,199,199,199,199,199,199,199,199,199,199,199,199,199,199,199,199,199,199,199,199,199,199,199,199,199,199,199,199,199,199,199,199,199,199,199,199,199,199,199,199,199,199,199,199,199,199,199,199,199,199,199,199,199,199,199,199,199,199,199,199,199,199,199,199,199,199,199,199,199,199,199,199,199,199,199,199,199,199,199,199,199,199,199,199,199,199,199,199,199,199,199,199,199,199,199,199,55,55,199,199,199,199,199,199,199,199,199,199,199,199,199,199,199,199,199,199,199,199,199,199,199,199,
199,199,199,199,199,199,199,199,199,199,199,199,199,199,199,199,199,199,199,199,199,199,55,55,55,55,199,199,199,199,199,199,199,199,199,199,199,199,199,199,199,199,199,199,199,199,199,199,199,199,199,199,199,199,199,199,199,199,199,199,199,199,199,199,199,199,199,199,199,199,199,199,199,199,199,199,199,199,199,199,199,199,199,199,199,199,199,199,199,199,199,199,199,199,199,199,199,199,199,199,199,199,199,199,199,199,199,199,199,199,199,199,199,199,199,199,199,199,199,199,55,55,55,55,199,199,199,199,199,199,199,199,199,199,199,199,199,199,199,199,199,199,199,199,199,199,199,199,
199,199,199,199,199,199,199,199,199,199,199,199,199,199,199,199,199,199,199,199,199,199,55,55,55,55,55,55,199,199,199,199,199,199,199,199,199,199,199,199,199,199,199,199,199,199,199,199,199,199,199,199,199,199,199,199,199,199,199,199,199,199,199,199,199,199,199,199,199,199,199,199,199,199,199,199,199,199,199,199,199,199,199,199,199,199,199,199,199,199,199,199,199,199,199,199,199,199,199,199,199,199,199,199,199,199,199,199,199,199,199,199,199,199,199,199,199,199,55,55,55,55,55,55,199,199,199,199,199,199,199,199,199,199,199,199,199,199,199,199,199,199,199,199,199,199,199,199,
199,199,199,199,199,199,199,199,199,199,199,199,199,199,199,199,199,199,199,199,199,199,55,55,191,191,55,55,55,55,199,199,199,199,199,199,199,199,199,199,199,199,199,199,199,199,199,199,199,199,199,199,199,199,199,199,199,199,199,199,199,199,199,199,199,199,199,199,199,199,199,199,199,199,199,199,199,199,199,199,199,199,199,199,199,199,199,199,199,199,199,199,199,199,199,199,199,199,199,199,199,199,199,199,199,199,199,199,199,199,199,199,199,199,199,199,55,55,55,55,191,191,55,55,199,199,199,199,199,199,199,199,199,199,199,199,199,199,199,199,199,199,199,199,199,199,199,199,
199,199,199,199,199,199,199,199,199,199,199,199,199,199,199,199,199,199,199,199,199,199,55,55,191,191,191,191,55,55,55,55,199,199,199,199,199,199,199,199,199,199,199,199,199,199,199,199,199,199,199,199,199,199,199,199,199,199,199,199,199,199,199,199,199,199,199,199,199,199,199,199,199,199,199,199,199,199,199,199,199,199,199,199,199,199,199,199,199,199,199,199,199,199,199,199,199,199,199,199,199,199,199,199,199,199,199,199,199,199,199,199,199,199,55,55,55,55,191,191,191,191,55,55,199,199,199,199,199,199,199,199,199,199,199,199,199,199,199,199,199,199,199,199,199,199,199,199,
199,199,199,199,199,199,199,199,199,199,199,199,199,199,199,199,199,199,199,199,199,199,55,55,191,191,191,191,191,191,55,55,55,55,199,199,199,199,199,199,199,199,199,199,199,199,199,199,199,199,199,199,199,199,199,199,199,199,199,199,199,199,199,199,199,199,199,199,199,199,199,199,199,199,199,199,199,199,199,199,199,199,199,199,199,199,199,199,199,199,199,199,199,199,199,199,199,199,199,199,199,199,199,199,199,199,199,199,199,199,199,199,55,55,55,55,191,191,191,191,191,191,55,55,199,199,199,199,199,199,199,199,199,199,199,199,199,199,199,199,199,199,199,199,199,199,199,199,
199,199,199,199,199,199,199,199,199,199,199,199,199,199,199,199,199,199,199,199,199,199,55,55,191,191,191,191,191,191,191,191,55,55,55,55,199,199,199,199,199,199,199,199,199,199,199,199,199,199,199,199,199,199,199,199,199,199,199,199,199,199,199,199,199,199,199,199,199,199,199,199,199,199,199,199,199,199,199,199,199,199,199,199,199,199,199,199,199,199,199,199,199,199,199,199,199,199,199,199,199,199,199,199,199,199,199,199,199,199,55,55,55,55,191,191,191,191,191,191,191,191,55,55,199,199,199,199,199,199,199,199,199,199,199,199,199,199,199,199,199,199,199,199,199,199,199,199,
199,199,199,199,199,199,199,199,199,199,199,199,199,199,199,199,199,199,199,199,199,199,55,55,191,191,191,191,191,191,191,191,191,191,55,55,55,55,199,199,199,199,199,199,199,199,199,199,199,199,199,199,199,199,199,199,199,199,199,199,199,199,199,199,199,199,199,199,199,199,199,199,199,199,199,199,199,199,199,199,199,199,199,199,199,199,199,199,199,199,199,199,199,199,199,199,199,199,199,199,199,199,199,199,199,199,199,199,55,55,55,55,191,191,191,191,191,191,191,191,191,191,55,55,199,199,199,199,199,199,199,199,199,199,199,199,199,199,199,199,199,199,199,199,199,199,199,199,
199,199,199,199,199,199,199,199,199,199,199,199,199,199,199,199,199,199,199,199,199,199,55,55,191,191,191,191,191,191,191,191,191,191,191,191,55,55,55,55,199,199,199,199,199,199,199,199,199,199,199,199,199,199,199,199,199,199,199,199,199,199,199,199,199,199,199,199,199,199,199,199,199,199,199,199,199,199,199,199,199,199,199,199,199,199,199,199,199,199,199,199,199,199,199,199,199,199,199,199,199,199,199,199,199,199,55,55,55,55,191,191,191,191,191,191,191,191,191,191,191,191,55,55,199,199,199,199,199,199,199,199,199,199,199,199,199,199,199,199,199,199,199,199,199,199,199,199,
199,199,199,199,199,199,199,199,199,199,199,199,199,199,199,199,199,199,199,199,199,199,55,55,191,191,191,191,191,191,191,191,191,191,191,191,55,55,55,55,199,199,199,199,199,199,199,199,199,199,199,199,199,199,199,199,199,199,199,199,199,199,199,199,199,199,199,199,199,199,199,199,199,199,199,199,199,199,199,199,199,199,199,199,199,199,199,199,199,199,199,199,199,199,199,199,199,199,199,199,199,199,199,199,199,199,55,55,55,55,191,191,191,191,191,191,191,191,191,191,191,191,55,55,199,199,199,199,199,199,199,199,199,199,199,199,199,199,199,199,199,199,199,199,199,199,199,199,
199,199,199,199,199,199,199,199,199,199,199,199,199,199,199,199,199,199,199,199,199,199,55,55,191,191,191,191,191,191,191,191,191,191,55,55,55,55,199,199,199,199,199,199,199,199,199,199,199,199,199,199,199,199,199,199,199,199,199,199,199,199,199,199,199,199,199,199,199,199,199,199,199,199,199,199,199,199,199,199,199,199,199,199,199,199,199,199,199,199,199,199,199,199,199,199,199,199,199,199,199,199,199,199,199,199,199,199,55,55,55,55,191,191,191,191,191,191,191,191,191,191,55,55,199,199,199,199,199,199,199,199,199,199,199,199,199,199,199,199,199,199,199,199,199,199,199,199,
199,199,199,199,199,199,199,199,199,199,199,199,199,199,199,199,199,199,199,199,199,199,55,55,191,191,191,191,191,191,191,191,55,55,55,55,199,199,199,199,199,199,199,199,199,199,199,199,199,199,199,199,199,199,199,199,199,199,199,199,199,199,199,199,199,199,199,199,199,199,199,199,199,199,199,199,199,199,199,199,199,199,199,199,199,199,199,199,199,199,199,199,199,199,199,199,199,199,199,199,199,199,199,199,199,199,199,199,199,199,55,55,55,55,191,191,191,191,191,191,191,191,55,55,199,199,199,199,199,199,199,199,199,199,199,199,199,199,199,199,199,199,199,199,199,199,199,199,
199,199,199,199,199,199,199,199,199,199,199,199,199,199,199,199,199,199,199,199,199,199,55,55,191,191,191,191,191,191,55,55,55,55,199,199,199,199,199,199,199,199,199,199,199,199,199,199,199,199,199,199,199,199,199,199,199,199,199,199,199,199,199,199,199,199,199,199,199,199,199,199,199,199,199,199,199,199,199,199,199,199,199,199,199,199,199,199,199,199,199,199,199,199,199,199,199,199,199,199,199,199,199,199,199,199,199,199,199,199,199,199,55,55,55,55,191,191,191,191,191,191,55,55,199,199,199,199,199,199,199,199,199,199,199,199,199,199,199,199,199,199,199,199,199,199,199,199,
199,199,199,199,199,199,199,199,199,199,199,199,199,199,199,199,199,199,199,199,199,199,55,55,191,191,191,191,55,55,55,55,199,199,199,199,199,199,199,199,199,199,199,199,199,199,199,199,199,199,199,199,199,199,199,199,199,199,199,199,199,199,199,199,199,199,199,199,199,199,199,199,199,199,199,199,199,199,199,199,199,199,199,199,199,199,199,199,199,199,199,199,199,199,199,199,199,199,199,199,199,199,199,199,199,199,199,199,199,199,199,199,199,199,55,55,55,55,191,191,191,191,55,55,199,199,199,199,199,199,199,199,199,199,199,199,199,199,199,199,199,199,199,199,199,199,199,199,
199,199,199,199,199,199,199,199,199,199,199,199,199,199,199,199,199,199,199,199,199,199,55,55,191,191,55,55,55,55,199,199,199,199,199,199,199,199,199,199,199,199,199,199,199,199,199,199,199,199,199,199,199,199,199,199,199,199,199,199,199,199,199,199,199,199,199,199,199,199,199,199,199,199,199,199,199,199,199,199,199,199,199,199,199,199,199,199,199,199,199,199,199,199,199,199,199,199,199,199,199,199,199,199,199,199,199,199,199,199,199,199,199,199,199,199,55,55,55,55,191,191,55,55,199,199,199,199,199,199,199,199,199,199,199,199,199,199,199,199,199,199,199,199,199,199,199,199,
199,199,199,199,199,199,199,199,199,199,199,199,199,199,199,199,199,199,199,199,199,199,55,55,55,55,55,55,199,199,199,199,199,199,199,199,199,199,199,199,199,199,199,199,199,199,199,199,199,199,199,199,199,199,199,199,199,199,199,199,199,199,199,199,199,199,199,199,199,199,199,199,199,199,199,199,199,199,199,199,199,199,199,199,199,199,199,199,199,199,199,199,199,199,199,199,199,199,199,199,199,199,199,199,199,199,199,199,199,199,199,199,199,199,199,199,199,199,55,55,55,55,55,55,199,199,199,199,199,199,199,199,199,199,199,199,199,199,199,199,199,199,199,199,199,199,199,199,
199,199,199,199,199,199,199,199,199,199,199,199,199,199,199,199,199,199,199,199,199,199,55,55,55,55,199,199,199,199,199,199,199,199,199,199,199,199,199,199,199,199,199,199,199,199,199,199,199,199,199,199,199,199,199,199,199,199,199,199,199,199,199,199,199,199,199,199,199,199,199,199,199,199,199,199,199,199,199,199,199,199,199,199,199,199,199,199,199,199,199,199,199,199,199,199,199,199,199,199,199,199,199,199,199,199,199,199,199,199,199,199,199,199,199,199,199,199,199,199,55,55,55,55,199,199,199,199,199,199,199,199,199,199,199,199,199,199,199,199,199,199,199,199,199,199,199,199,
199,199,199,199,199,199,199,199,199,199,199,199,199,199,199,199,199,199,199,199,199,199,55,55,199,199,199,199,199,199,199,199,199,199,199,199,199,199,199,199,199,199,199,199,199,199,199,199,199,199,199,199,199,199,199,199,199,199,199,199,199,199,199,199,199,199,199,199,199,199,199,199,199,199,199,199,199,199,199,199,199,199,199,199,199,199,199,199,199,199,199,199,199,199,199,199,199,199,199,199,199,199,199,199,199,199,199,199,199,199,199,199,199,199,199,199,199,199,199,199,199,199,55,55,199,199,199,199,199,199,199,199,199,199,199,199,199,199,199,199,199,199,199,199,199,199,199,199,
55,55,199,199,199,199,199,199,199,199,199,199,199,199,199,199,199,199,199,199,199,199,199,199,199,199,199,199,199,199,199,199,199,199,199,199,199,199,199,199,199,199,199,199,199,199,199,199,199,199,199,199,199,199,199,199,199,199,199,199,199,199,199,199,199,199,199,199,199,199,199,199,199,199,199,199,199,199,199,199,199,199,199,199,199,199,199,199,199,199,199,199,199,199,199,199,199,199,199,199,199,199,199,199,199,199,199,199,199,199,199,199,199,199,199,199,199,199,199,199,199,199,199,199,199,199,199,199,199,199,199,199,199,199,199,199,199,199,199,199,199,199,199,199,199,199,55,55,
55,55,55,55,199,199,199,199,199,199,199,199,199,199,199,199,199,199,199,199,199,199,199,199,199,199,199,199,199,199,199,199,199,199,199,199,199,199,199,199,199,199,199,199,199,199,199,199,199,199,199,199,199,199,199,199,199,199,199,199,199,199,199,199,199,199,199,199,199,199,199,199,199,199,199,199,199,199,199,199,199,199,199,199,199,199,199,199,199,199,199,199,199,199,199,199,199,199,199,199,199,199,199,199,199,199,199,199,199,199,199,199,199,199,199,199,199,199,199,199,199,199,199,199,199,199,199,199,199,199,199,199,199,199,199,199,199,199,199,199,199,199,199,199,55,55,55,55,
55,55,55,55,55,55,199,199,199,199,199,199,199,199,199,199,199,199,199,199,199,199,199,199,199,199,199,199,199,199,199,199,199,199,199,199,199,199,199,199,199,199,199,199,199,199,199,199,199,199,199,199,199,199,199,199,199,199,199,199,199,199,199,199,199,199,199,199,199,199,199,199,199,199,199,199,199,199,199,199,199,199,199,199,199,199,199,199,199,199,199,199,199,199,199,199,199,199,199,199,199,199,199,199,199,199,199,199,199,199,199,199,199,199,199,199,199,199,199,199,199,199,199,199,199,199,199,199,199,199,199,199,199,199,199,199,199,199,199,199,199,199,55,55,55,55,55,55,
55,55,191,191,55,55,55,55,199,199,199,199,199,199,199,199,199,199,199,199,199,199,199,199,199,199,199,199,199,199,199,199,199,199,199,199,199,199,199,199,199,199,199,199,199,199,199,199,199,199,199,199,199,199,199,199,199,199,199,199,199,199,199,199,199,199,199,199,199,199,199,199,199,199,199,199,199,199,199,199,199,199,199,199,199,199,199,199,199,199,199,199,199,199,199,199,199,199,199,199,199,199,199,199,199,199,199,199,199,199,199,199,199,199,199,199,199,199,199,199,199,199,199,199,199,199,199,199,199,199,199,199,199,199,199,199,199,199,199,199,55,55,55,55,191,191,55,55,
55,55,191,191,191,191,55,55,55,55,199,199,199,199,199,199,199,199,199,199,199,199,199,199,199,199,199,199,199,199,199,199,199,199,199,199,199,199,199,199,199,199,199,199,199,199,199,199,199,199,199,199,199,199,199,199,199,199,199,199,199,199,199,199,199,199,199,199,199,199,199,199,199,199,199,199,199,199,199,199,199,199,199,199,199,199,199,199,199,199,199,199,199,199,199,199,199,199,199,199,199,199,199,199,199,199,199,199,199,199,199,199,199,199,199,199,199,199,199,199,199,199,199,199,199,199,199,199,199,199,199,199,199,199,199,199,199,199,55,55,55,55,191,191,191,191,55,55,
55,55,191,191,191,191,191,191,55,55,55,55,199,199,199,199,199,199,199,199,199,199,199,199,199,199,199,199,199,199,199,199,199,199,199,199,199,199,199,199,199,199,199,199,199,199,199,199,199,199,199,199,199,199,199,199,199,199,199,199,199,199,199,199,199,199,199,199,199,199,199,199,199,199,199,199,199,199,199,199,199,199,199,199,199,199,199,199,199,199,199,199,199,199,199,199,199,199,199,199,199,199,199,199,199,199,199,199,199,199,199,199,199,199,199,199,199,199,199,199,199,199,199,199,199,199,199,199,199,199,199,199,199,199,199,199,55,55,55,55,191,191,191,191,191,191,55,55,
55,55,191,191,191,191,191,191,191,191,55,55,55,55,199,199,199,199,199,199,199,199,199,199,199,199,199,199,199,199,199,199,199,199,199,199,199,199,199,199,199,199,199,199,199,199,199,199,199,199,199,199,199,199,199,199,199,199,199,199,199,199,199,199,199,199,199,199,199,199,199,199,199,199,199,199,199,199,199,199,199,199,199,199,199,199,199,199,199,199,199,199,199,199,199,199,199,199,199,199,199,199,199,199,199,199,199,199,199,199,199,199,199,199,199,199,199,199,199,199,199,199,199,199,199,199,199,199,199,199,199,199,199,199,55,55,55,55,191,191,191,191,191,191,191,191,55,55,
55,55,191,191,191,191,191,191,191,191,191,191,55,55,55,55,199,199,199,199,199,199,199,199,199,199,199,199,199,199,199,199,199,199,199,199,199,199,199,199,199,199,199,199,199,199,199,199,199,199,199,199,199,199,199,199,199,199,199,199,199,199,199,199,199,199,199,199,199,199,199,199,199,199,199,199,199,199,199,199,199,199,199,199,199,199,199,199,199,199,199,199,199,199,199,199,199,199,199,199,199,199,199,199,199,199,199,199,199,199,199,199,199,199,199,199,199,199,199,199,199,199,199,199,199,199,199,199,199,199,199,199,55,55,55,55,191,191,191,191,191,191,191,191,191,191,55,55,
55,55,191,191,191,191,191,191,191,191,191,191,191,191,55,55,55,55,199,199,199,199,199,199,199,199,199,199,199,199,199,199,199,199,199,199,199,199,199,199,199,199,199,199,199,199,199,199,199,199,199,199,199,199,199,199,199,199,199,199,199,199,199,199,199,199,199,199,199,199,199,199,199,199,199,199,199,199,199,199,199,199,199,199,199,199,199,199,199,199,199,199,199,199,199,199,199,199,199,199,199,199,199,199,199,199,199,199,199,199,199,199,199,199,199,199,199,199,199,199,199,199,199,199,199,199,199,199,199,199,55,55,55,55,191,191,191,191,191,191,191,191,191,191,191,191,55,55,
55,55,191,191,191,191,191,191,191,191,191,191,191,191,55,55,55,55,199,199,199,199,199,199,199,199,199,199,199,199,199,199,199,199,199,199,199,199,199,199,199,199,199,199,199,199,199,199,199,199,199,199,199,199,199,199,199,199,199,199,199,199,199,199,199,199,199,199,199,199,199,199,199,199,199,199,199,199,199,199,199,199,199,199,199,199,199,199,199,199,199,199,199,199,199,199,199,199,199,199,199,199,199,199,199,199,199,199,199,199,199,199,199,199,199,199,199,199,199,199,199,199,199,199,199,199,199,199,199,199,55,55,55,55,191,191,191,191,191,191,191,191,191,191,191,191,55,55,
55,55,191,191,191,191,191,191,191,191,191,191,55,55,55,55,199,199,199,199,199,199,199,199,199,199,199,199,199,199,199,199,199,199,199,199,199,199,199,199,199,199,199,199,199,199,199,199,199,199,199,199,199,199,199,199,199,199,199,199,199,199,199,199,199,199,199,199,199,199,199,199,199,199,199,199,199,199,199,199,199,199,199,199,199,199,199,199,199,199,199,199,199,199,199,199,199,199,199,199,199,199,199,199,199,199,199,199,199,199,199,199,199,199,199,199,199,199,199,199,199,199,199,199,199,199,199,199,199,199,199,199,55,55,55,55,191,191,191,191,191,191,191,191,191,191,55,55,
55,55,191,191,191,191,191,191,191,191,55,55,55,55,199,199,199,199,199,199,199,199,199,199,199,199,199,199,199,199,199,199,199,199,199,199,199,199,199,199,199,199,199,199,199,199,199,199,199,199,199,199,199,199,199,199,199,199,199,199,199,199,199,199,199,199,199,199,199,199,199,199,199,199,199,199,199,199,199,199,199,199,199,199,199,199,199,199,199,199,199,199,199,199,199,199,199,199,199,199,199,199,199,199,199,199,199,199,199,199,199,199,199,199,199,199,199,199,199,199,199,199,199,199,199,199,199,199,199,199,199,199,199,199,55,55,55,55,191,191,191,191,191,191,191,191,55,55,
55,55,191,191,191,191,191,191,55,55,55,55,199,199,199,199,199,199,199,199,199,199,199,199,199,199,199,199,199,199,199,199,199,199,199,199,199,199,199,199,199,199,199,199,199,199,199,199,199,199,199,199,199,199,199,199,199,199,199,199,199,199,199,199,199,199,199,199,199,199,199,199,199,199,199,199,199,199,199,199,199,199,199,199,199,199,199,199,199,199,199,199,199,199,199,199,199,199,199,199,199,199,199,199,199,199,199,199,199,199,199,199,199,199,199,199,199,199,199,199,199,199,199,199,199,199,199,199,199,199,199,199,199,199,199,199,55,55,55,55,191,191,191,191,191,191,55,55,
55,55,191,191,191,191,55,55,55,55,199,199,199,199,199,199,199,199,199,199,199,199,199,199,199,199,199,199,199,199,199,199,199,199,199,199,199,199,199,199,199,199,199,199,199,199,199,199,199,199,199,199,199,199,199,199,199,199,199,199,199,199,199,199,199,199,199,199,199,199,199,199,199,199,199,199,199,199,199,199,199,199,199,199,199,199,199,199,199,199,199,199,199,199,199,199,199,199,199,199,199,199,199,199,199,199,199,199,199,199,199,199,199,199,199,199,199,199,199,199,199,199,199,199,199,199,199,199,199,199,199,199,199,199,199,199,199,199,55,55,55,55,191,191,191,191,55,55,
55,55,191,191,55,55,55,55,199,199,199,199,199,199,199,199,199,199,199,199,199,199,199,199,199,199,199,199,199,199,199,199,199,199,199,199,199,199,199,199,199,199,199,199,199,199,199,199,199,199,199,199,199,199,199,199,199,199,199,199,199,199,199,199,199,199,199,199,199,199,199,199,199,199,199,199,199,199,199,199,199,199,199,199,199,199,199,199,199,199,199,199,199,199,199,199,199,199,199,199,199,199,199,199,199,199,199,199,199,199,199,199,199,199,199,199,199,199,199,199,199,199,199,199,199,199,199,199,199,199,199,199,199,199,199,199,199,199,199,199,55,55,55,55,191,191,55,55,
55,55,55,55,55,55,199,199,199,199,199,199,199,199,199,199,199,199,199,199,199,199,199,199,199,199,199,199,199,199,199,199,199,199,199,199,199,199,199,199,199,199,199,199,199,199,199,199,199,199,199,199,199,199,199,199,199,199,199,199,199,199,199,199,199,199,199,199,199,199,199,199,199,199,199,199,199,199,199,199,199,199,199,199,199,199,199,199,199,199,199,199,199,199,199,199,199,199,199,199,199,199,199,199,199,199,199,199,199,199,199,199,199,199,199,199,199,199,199,199,199,199,199,199,199,199,199,199,199,199,199,199,199,199,199,199,199,199,199,199,199,199,55,55,55,55,55,55,
55,55,55,55,199,199,199,199,199,199,199,199,199,199,199,199,199,199,199,199,199,199,199,199,199,199,199,199,199,199,199,199,199,199,199,199,199,199,199,199,199,199,199,199,199,199,199,199,199,199,199,199,199,199,199,199,199,199,199,199,199,199,199,199,199,199,199,199,199,199,199,199,199,199,199,199,199,199,199,199,199,199,199,199,199,199,199,199,199,199,199,199,199,199,199,199,199,199,199,199,199,199,199,199,199,199,199,199,199,199,199,199,199,199,199,199,199,199,199,199,199,199,199,199,199,199,199,199,199,199,199,199,199,199,199,199,199,199,199,199,199,199,199,199,55,55,55,55,
55,55,199,199,199,199,199,199,199,199,199,199,199,199,199,199,199,199,199,199,199,199,199,199,199,199,199,199,199,199,199,199,199,199,199,199,199,199,199,199,199,199,199,199,199,199,199,199,199,199,199,199,199,199,199,199,199,199,199,199,199,199,199,199,199,199,199,199,199,199,199,199,199,199,199,199,199,199,199,199,199,199,199,199,199,199,199,199,199,199,199,199,199,199,199,199,199,199,199,199,199,199,199,199,199,199,199,199,199,199,199,199,199,199,199,199,199,199,199,199,199,199,199,199,199,199,199,199,199,199,199,199,199,199,199,199,199,199,199,199,199,199,199,199,199,199,55,55,


